5.000000000000000278e-02 1.000000000000000056e-01 4.163071620319991895e-01
5.000000000000000278e-02 5.000000000000000000e-01 8.751062024773774706e-01
5.000000000000000278e-02 1.000000000000000000e+00 8.886418885642738408e-01
5.000000000000000278e-02 1.500000000000000000e+00 1.019144922831835887e+00
5.000000000000000278e-02 2.000000000000000000e+00 1.087900976383115337e+00
5.000000000000000278e-02 2.500000000000000000e+00 1.165613557333940564e+00
5.000000000000000278e-02 3.000000000000000000e+00 1.217227736543473604e+00
5.000000000000000278e-02 3.500000000000000000e+00 1.291063400778954540e+00
5.000000000000000278e-02 4.000000000000000000e+00 1.306744903917554712e+00
5.000000000000000278e-02 4.500000000000000000e+00 1.366371347491828647e+00
5.000000000000000278e-02 5.000000000000000000e+00 1.438973341310506138e+00
5.000000000000000278e-02 5.500000000000000000e+00 1.453373983888084586e+00
5.000000000000000278e-02 6.000000000000000000e+00 1.520074959669674985e+00
5.000000000000000278e-02 7.000000000000000000e+00 1.560280710006163307e+00
5.000000000000000278e-02 8.000000000000000000e+00 1.677390010703300183e+00
5.000000000000000278e-02 9.000000000000000000e+00 1.757312263201635583e+00
5.000000000000000278e-02 1.000000000000000000e+01 1.896526956419487986e+00
5.999999999999999778e-02 1.000000000000000021e-02 3.940585292009276541e-01
5.999999999999999778e-02 1.000000000000000056e-01 4.015677321082475881e-01
5.999999999999999778e-02 2.000000000000000111e-01 4.147574071787115679e-01
5.999999999999999778e-02 2.999999999999999889e-01 4.340027167647756423e-01
5.999999999999999778e-02 4.000000000000000222e-01 8.254633009534995125e-01
5.999999999999999778e-02 5.000000000000000000e-01 8.620179893727326625e-01
5.999999999999999778e-02 5.999999999999999778e-01 8.662268581430343506e-01
5.999999999999999778e-02 6.999999999999999556e-01 8.742576439046272352e-01
5.999999999999999778e-02 8.000000000000000444e-01 8.789866339481812174e-01
5.999999999999999778e-02 9.000000000000000222e-01 8.783811390745259740e-01
5.999999999999999778e-02 1.000000000000000000e+00 8.669780644262943259e-01
5.999999999999999778e-02 2.000000000000000000e+00 1.064102225968414972e+00
5.999999999999999778e-02 3.000000000000000000e+00 1.181087207065889322e+00
5.999999999999999778e-02 4.000000000000000000e+00 1.275138048803642121e+00
5.999999999999999778e-02 5.000000000000000000e+00 1.385699479387181299e+00
5.999999999999999778e-02 6.000000000000000000e+00 1.485281917995362244e+00
5.999999999999999778e-02 7.000000000000000000e+00 1.512366709493008221e+00
5.999999999999999778e-02 8.000000000000000000e+00 1.635613227714436402e+00
5.999999999999999778e-02 9.000000000000000000e+00 1.684148026257799469e+00
5.999999999999999778e-02 1.000000000000000000e+01 1.857964932200872221e+00
7.499999999999999722e-02 1.000000000000000056e-01 3.882693219958251452e-01
7.499999999999999722e-02 5.000000000000000000e-01 8.498695091559845816e-01
7.499999999999999722e-02 1.000000000000000000e+00 8.475635508016040598e-01
7.499999999999999722e-02 2.000000000000000000e+00 1.034421296135947577e+00
7.499999999999999722e-02 4.000000000000000000e+00 1.243128379268320316e+00
7.499999999999999722e-02 6.000000000000000000e+00 1.447875489896832901e+00
7.499999999999999722e-02 9.000000000000000000e+00 1.631707793081667246e+00
8.000000000000000167e-02 1.000000000000000021e-02 3.794054714726922684e-01
8.000000000000000167e-02 1.000000000000000056e-01 3.840412482663373428e-01
8.000000000000000167e-02 2.000000000000000111e-01 3.936798538690445826e-01
8.000000000000000167e-02 2.999999999999999889e-01 4.073711345131637573e-01
8.000000000000000167e-02 4.000000000000000222e-01 7.345775341092531940e-01
8.000000000000000167e-02 5.000000000000000000e-01 8.476615654295603930e-01
8.000000000000000167e-02 5.999999999999999778e-01 8.508884486691283833e-01
8.000000000000000167e-02 6.999999999999999556e-01 8.593860006705060783e-01
8.000000000000000167e-02 8.000000000000000444e-01 8.601674427638892340e-01
8.000000000000000167e-02 9.000000000000000222e-01 8.558920032521244448e-01
8.000000000000000167e-02 1.000000000000000000e+00 8.364399271386629975e-01
8.000000000000000167e-02 2.000000000000000000e+00 1.024819048290910084e+00
8.000000000000000167e-02 3.000000000000000000e+00 1.137221576880038443e+00
8.000000000000000167e-02 4.000000000000000000e+00 1.237962916555207071e+00
8.000000000000000167e-02 5.000000000000000000e+00 1.324935406848363195e+00
8.000000000000000167e-02 6.000000000000000000e+00 1.438559805766669530e+00
8.000000000000000167e-02 7.000000000000000000e+00 1.453116290940285271e+00
8.000000000000000167e-02 8.000000000000000000e+00 1.548244405180346117e+00
8.000000000000000167e-02 9.000000000000000000e+00 1.622527893295018231e+00
1.000000000000000056e-01 1.000000000000000056e-01 3.749139044306005197e-01
1.000000000000000056e-01 5.000000000000000000e-01 8.330502905688352833e-01
1.000000000000000056e-01 1.000000000000000000e+00 8.294779375718885905e-01
1.000000000000000056e-01 1.500000000000000000e+00 9.656029487560805480e-01
1.000000000000000056e-01 2.000000000000000000e+00 9.957420721213373627e-01
1.000000000000000056e-01 2.500000000000000000e+00 1.092105469700794362e+00
1.000000000000000056e-01 3.000000000000000000e+00 1.116658067449849856e+00
1.000000000000000056e-01 3.500000000000000000e+00 1.182796950519404700e+00
1.000000000000000056e-01 4.000000000000000000e+00 1.216462984963199823e+00
1.000000000000000056e-01 4.500000000000000000e+00 1.232052941239825117e+00
1.000000000000000056e-01 5.000000000000000000e+00 1.281956145514336010e+00
1.000000000000000056e-01 5.500000000000000000e+00 1.331735469923002624e+00
1.000000000000000056e-01 6.000000000000000000e+00 1.383158781097307166e+00
1.000000000000000056e-01 7.000000000000000000e+00 1.411293603964989041e+00
1.000000000000000056e-01 8.000000000000000000e+00 2.160981714086072980e+00
1.100000000000000006e-01 1.000000000000000056e-01 3.728310415247536591e-01
1.100000000000000006e-01 5.000000000000000000e-01 8.272765237402909255e-01
1.100000000000000006e-01 1.000000000000000000e+00 8.181171739133439313e-01
1.100000000000000006e-01 2.000000000000000000e+00 1.010851044740771920e+00
1.100000000000000006e-01 4.000000000000000000e+00 1.202536456481583249e+00
1.100000000000000006e-01 5.500000000000000000e+00 1.314436559679448058e+00
1.100000000000000006e-01 6.000000000000000000e+00 1.366578684719535586e+00
1.199999999999999956e-01 1.000000000000000021e-02 3.676081733488515413e-01
1.199999999999999956e-01 1.000000000000000056e-01 3.710268983877372806e-01
1.199999999999999956e-01 2.000000000000000111e-01 3.772933111035107756e-01
1.199999999999999956e-01 2.999999999999999889e-01 3.860432000163503408e-01
1.199999999999999956e-01 4.000000000000000222e-01 6.159046483061996202e-01
1.199999999999999956e-01 5.000000000000000000e-01 8.225335928741100977e-01
1.199999999999999956e-01 5.999999999999999778e-01 8.275366575529820024e-01
1.199999999999999956e-01 6.999999999999999556e-01 8.336863045014971663e-01
1.199999999999999956e-01 8.000000000000000444e-01 8.370597427779123967e-01
1.199999999999999956e-01 9.000000000000000222e-01 8.328000690180695775e-01
1.199999999999999956e-01 1.000000000000000000e+00 8.139259791386550535e-01
1.199999999999999956e-01 2.000000000000000000e+00 9.909198624142768752e-01
1.199999999999999956e-01 3.000000000000000000e+00 1.095785974982188549e+00
1.199999999999999956e-01 4.000000000000000000e+00 1.159890246360359534e+00
1.199999999999999956e-01 5.000000000000000000e+00 1.254571309943753432e+00
1.199999999999999956e-01 6.000000000000000000e+00 1.355988919539591775e+00
1.400000000000000133e-01 1.000000000000000056e-01 3.681371732646028794e-01
1.400000000000000133e-01 5.000000000000000000e-01 8.106591970915524303e-01
1.400000000000000133e-01 1.000000000000000000e+00 8.023316794189120360e-01
1.400000000000000133e-01 2.000000000000000000e+00 9.632630316978335605e-01
1.400000000000000133e-01 3.000000000000000000e+00 1.074943418311838261e+00
1.400000000000000133e-01 4.000000000000000000e+00 1.138729669108992759e+00
1.499999999999999944e-01 1.000000000000000056e-01 3.670794835095857467e-01
1.499999999999999944e-01 5.000000000000000000e-01 8.063378936211226256e-01
1.499999999999999944e-01 1.000000000000000000e+00 7.980112323055345014e-01
1.499999999999999944e-01 1.500000000000000000e+00 9.395557171792504603e-01
1.499999999999999944e-01 2.000000000000000000e+00 9.557416633365656278e-01
1.499999999999999944e-01 2.500000000000000000e+00 1.047513893314540478e+00
1.499999999999999944e-01 3.500000000000000000e+00 1.144334210055222512e+00
1.499999999999999944e-01 4.000000000000000000e+00 1.663721192594246112e+00
1.600000000000000033e-01 1.000000000000000056e-01 3.661138344320102878e-01
1.600000000000000033e-01 5.000000000000000000e-01 8.017916270022300562e-01
1.600000000000000033e-01 1.000000000000000000e+00 7.956477279216158660e-01
1.600000000000000033e-01 2.000000000000000000e+00 9.507131942222833976e-01
1.700000000000000122e-01 1.000000000000000021e-02 3.629818856441281438e-01
1.700000000000000122e-01 1.000000000000000056e-01 3.653831419557339033e-01
1.700000000000000122e-01 2.000000000000000111e-01 3.698081902566788814e-01
1.700000000000000122e-01 2.999999999999999889e-01 3.759797430733221035e-01
1.700000000000000122e-01 4.000000000000000222e-01 4.033255775448181257e-01
1.700000000000000122e-01 5.000000000000000000e-01 7.985702211636426240e-01
1.700000000000000122e-01 6.999999999999999556e-01 8.117989591865318877e-01
1.700000000000000122e-01 8.000000000000000444e-01 8.147707534865747947e-01
1.700000000000000122e-01 9.000000000000000222e-01 8.110954695074799048e-01
1.700000000000000122e-01 1.500000000000000000e+00 9.268819003282866564e-01
1.700000000000000122e-01 2.500000000000000000e+00 1.039283606129263404e+00
1.799999999999999933e-01 1.000000000000000021e-02 3.624783269495446825e-01
1.799999999999999933e-01 1.000000000000000056e-01 3.647857769492044433e-01
1.799999999999999933e-01 2.000000000000000111e-01 3.689643973774847652e-01
1.799999999999999933e-01 2.999999999999999889e-01 3.748096448121039925e-01
1.799999999999999933e-01 4.000000000000000222e-01 4.065102744511979171e-01
1.799999999999999933e-01 5.000000000000000000e-01 7.948607031808946344e-01
1.799999999999999933e-01 6.999999999999999556e-01 8.087794252964743968e-01
1.799999999999999933e-01 8.000000000000000444e-01 8.129720199310404016e-01
1.799999999999999933e-01 9.000000000000000222e-01 8.075800958527847850e-01
2.000000000000000111e-01 1.000000000000000056e-01 3.637971768309998799e-01
2.000000000000000111e-01 5.000000000000000000e-01 7.902458440729565048e-01
2.000000000000000111e-01 1.000000000000000000e+00 7.866875594091972124e-01
