5.000000000000000278e-02 1.000000000000000056e-01 7.108000000000000984e-01
5.000000000000000278e-02 5.000000000000000000e-01 7.237999999999999989e-01
5.000000000000000278e-02 1.000000000000000000e+00 7.333000000000000629e-01
5.000000000000000278e-02 1.500000000000000000e+00 7.415000000000000480e-01
5.000000000000000278e-02 2.000000000000000000e+00 7.489999999999999991e-01
5.000000000000000278e-02 2.500000000000000000e+00 7.556000000000000494e-01
5.000000000000000278e-02 3.000000000000000000e+00 7.630000000000000115e-01
5.000000000000000278e-02 3.500000000000000000e+00 7.707000000000000517e-01
5.000000000000000278e-02 4.000000000000000000e+00 7.775000000000000799e-01
5.000000000000000278e-02 4.500000000000000000e+00 7.851000000000000201e-01
5.000000000000000278e-02 5.000000000000000000e+00 7.929000000000000492e-01
5.000000000000000278e-02 5.500000000000000000e+00 8.007999999999999563e-01
5.000000000000000278e-02 6.000000000000000000e+00 8.090000000000000524e-01
5.000000000000000278e-02 7.000000000000000000e+00 8.269999999999999574e-01
5.000000000000000278e-02 8.000000000000000000e+00 8.487000000000000099e-01
5.000000000000000278e-02 9.000000000000000000e+00 8.773999999999999577e-01
5.000000000000000278e-02 1.000000000000000000e+01 9.270000000000000462e-01
5.999999999999999778e-02 1.000000000000000021e-02 7.298999999999999932e-01
5.999999999999999778e-02 1.000000000000000056e-01 7.339999999999999858e-01
5.999999999999999778e-02 2.000000000000000111e-01 7.388000000000000123e-01
5.999999999999999778e-02 2.999999999999999889e-01 7.431000000000000938e-01
5.999999999999999778e-02 4.000000000000000222e-01 7.459999999999999964e-01
5.999999999999999778e-02 5.000000000000000000e-01 7.481999999999999762e-01
5.999999999999999778e-02 5.999999999999999778e-01 7.501999999999999780e-01
5.999999999999999778e-02 6.999999999999999556e-01 7.522999999999999687e-01
5.999999999999999778e-02 8.000000000000000444e-01 7.543999999999999595e-01
5.999999999999999778e-02 9.000000000000000222e-01 7.564999999999999503e-01
5.999999999999999778e-02 1.000000000000000000e+00 7.584999999999999520e-01
5.999999999999999778e-02 2.000000000000000000e+00 7.756000000000000671e-01
5.999999999999999778e-02 3.000000000000000000e+00 7.907999999999999474e-01
5.999999999999999778e-02 4.000000000000000000e+00 8.064999999999999947e-01
5.999999999999999778e-02 5.000000000000000000e+00 8.233000000000000318e-01
5.999999999999999778e-02 6.000000000000000000e+00 8.407999999999999918e-01
5.999999999999999778e-02 7.000000000000000000e+00 8.601000000000000867e-01
5.999999999999999778e-02 8.000000000000000000e+00 8.834999999999999520e-01
5.999999999999999778e-02 9.000000000000000000e+00 9.143000000000001126e-01
5.999999999999999778e-02 1.000000000000000000e+01 9.660999999999999588e-01
7.499999999999999722e-02 1.000000000000000056e-01 7.655000000000000693e-01
7.499999999999999722e-02 5.000000000000000000e-01 7.812000000000000055e-01
7.499999999999999722e-02 1.000000000000000000e+00 7.926999999999999602e-01
7.499999999999999722e-02 2.000000000000000000e+00 8.117000000000000881e-01
7.499999999999999722e-02 4.000000000000000000e+00 8.458000000000001073e-01
7.499999999999999722e-02 6.000000000000000000e+00 8.837000000000000410e-01
7.499999999999999722e-02 9.000000000000000000e+00 9.641999999999999460e-01
8.000000000000000167e-02 1.000000000000000021e-02 7.705999999999999517e-01
8.000000000000000167e-02 1.000000000000000056e-01 7.752000000000000002e-01
8.000000000000000167e-02 2.000000000000000111e-01 7.806999999999999496e-01
8.000000000000000167e-02 2.999999999999999889e-01 7.856000000000000760e-01
8.000000000000000167e-02 4.000000000000000222e-01 7.889000000000000457e-01
8.000000000000000167e-02 5.000000000000000000e-01 7.915000000000000924e-01
8.000000000000000167e-02 5.999999999999999778e-01 7.938000000000000611e-01
8.000000000000000167e-02 6.999999999999999556e-01 7.962000000000000188e-01
8.000000000000000167e-02 8.000000000000000444e-01 7.985999999999999766e-01
8.000000000000000167e-02 9.000000000000000222e-01 8.010000000000000453e-01
8.000000000000000167e-02 1.000000000000000000e+00 8.033000000000000140e-01
8.000000000000000167e-02 2.000000000000000000e+00 8.228999999999999648e-01
8.000000000000000167e-02 3.000000000000000000e+00 8.400000000000000799e-01
8.000000000000000167e-02 4.000000000000000000e+00 8.580000000000000959e-01
8.000000000000000167e-02 5.000000000000000000e+00 8.770999999999999908e-01
8.000000000000000167e-02 6.000000000000000000e+00 8.970000000000000195e-01
8.000000000000000167e-02 7.000000000000000000e+00 9.187000000000000721e-01
8.000000000000000167e-02 8.000000000000000000e+00 9.450000000000000622e-01
8.000000000000000167e-02 9.000000000000000000e+00 9.796000000000000263e-01
1.000000000000000056e-01 1.000000000000000056e-01 8.114000000000000101e-01
1.000000000000000056e-01 5.000000000000000000e-01 8.295000000000000151e-01
1.000000000000000056e-01 1.000000000000000000e+00 8.426000000000000156e-01
1.000000000000000056e-01 1.500000000000000000e+00 8.538000000000000034e-01
1.000000000000000056e-01 2.000000000000000000e+00 8.643000000000000682e-01
1.000000000000000056e-01 2.500000000000000000e+00 8.733999999999999542e-01
1.000000000000000056e-01 3.000000000000000000e+00 8.832999999999999741e-01
1.000000000000000056e-01 3.500000000000000000e+00 8.941000000000000059e-01
1.000000000000000056e-01 4.000000000000000000e+00 9.032000000000000028e-01
1.000000000000000056e-01 4.500000000000000000e+00 9.134999999999999787e-01
1.000000000000000056e-01 5.000000000000000000e+00 9.243000000000000105e-01
1.000000000000000056e-01 5.500000000000000000e+00 9.351000000000000423e-01
1.000000000000000056e-01 6.000000000000000000e+00 9.464000000000000190e-01
1.000000000000000056e-01 7.000000000000000000e+00 9.700999999999999623e-01
1.000000000000000056e-01 8.000000000000000000e+00 9.991000000000000991e-01
1.100000000000000006e-01 1.000000000000000056e-01 8.281000000000000583e-01
1.100000000000000006e-01 5.000000000000000000e-01 8.470999999999999641e-01
1.100000000000000006e-01 1.000000000000000000e+00 8.607000000000000206e-01
1.100000000000000006e-01 2.000000000000000000e+00 8.834999999999999520e-01
1.100000000000000006e-01 4.000000000000000000e+00 9.241000000000000325e-01
1.100000000000000006e-01 5.500000000000000000e+00 9.574000000000000288e-01
1.100000000000000006e-01 6.000000000000000000e+00 9.691000000000000725e-01
1.199999999999999956e-01 1.000000000000000021e-02 8.385000000000000231e-01
1.199999999999999956e-01 1.000000000000000056e-01 8.441000000000000725e-01
1.199999999999999956e-01 2.000000000000000111e-01 8.506000000000000227e-01
1.199999999999999956e-01 2.999999999999999889e-01 8.567000000000000171e-01
1.199999999999999956e-01 4.000000000000000222e-01 8.606000000000000316e-01
1.199999999999999956e-01 5.000000000000000000e-01 8.638000000000000123e-01
1.199999999999999956e-01 5.999999999999999778e-01 8.666000000000000369e-01
1.199999999999999956e-01 6.999999999999999556e-01 8.693999999999999506e-01
1.199999999999999956e-01 8.000000000000000444e-01 8.723000000000000753e-01
1.199999999999999956e-01 9.000000000000000222e-01 8.751999999999999780e-01
1.199999999999999956e-01 1.000000000000000000e+00 8.780000000000001137e-01
1.199999999999999956e-01 2.000000000000000000e+00 9.018000000000000460e-01
1.199999999999999956e-01 3.000000000000000000e+00 9.223000000000000087e-01
1.199999999999999956e-01 4.000000000000000000e+00 9.440000000000000613e-01
1.199999999999999956e-01 5.000000000000000000e+00 9.669000000000000927e-01
1.199999999999999956e-01 6.000000000000000000e+00 9.909000000000001140e-01
1.400000000000000133e-01 1.000000000000000056e-01 8.741000000000000991e-01
1.400000000000000133e-01 5.000000000000000000e-01 8.952999999999999847e-01
1.400000000000000133e-01 1.000000000000000000e+00 9.106000000000000760e-01
1.400000000000000133e-01 2.000000000000000000e+00 9.361000000000000432e-01
1.400000000000000133e-01 3.000000000000000000e+00 9.581999999999999407e-01
1.400000000000000133e-01 4.000000000000000000e+00 9.815000000000000391e-01
1.499999999999999944e-01 1.000000000000000056e-01 8.882000000000001005e-01
1.499999999999999944e-01 5.000000000000000000e-01 9.102000000000000091e-01
1.499999999999999944e-01 1.000000000000000000e+00 9.260000000000000453e-01
1.499999999999999944e-01 1.500000000000000000e+00 9.395999999999999908e-01
1.499999999999999944e-01 2.000000000000000000e+00 9.522999999999999243e-01
1.499999999999999944e-01 2.500000000000000000e+00 9.633000000000000451e-01
1.499999999999999944e-01 3.500000000000000000e+00 9.881999999999999673e-01
1.499999999999999944e-01 4.000000000000000000e+00 9.992000000000000881e-01
1.600000000000000033e-01 1.000000000000000056e-01 9.019000000000000350e-01
1.600000000000000033e-01 5.000000000000000000e-01 9.246000000000000885e-01
1.600000000000000033e-01 1.000000000000000000e+00 9.408000000000000806e-01
1.600000000000000033e-01 2.000000000000000000e+00 9.679999999999999716e-01
1.700000000000000122e-01 1.000000000000000021e-02 9.087000000000000632e-01
1.700000000000000122e-01 1.000000000000000056e-01 9.152000000000000135e-01
1.700000000000000122e-01 2.000000000000000111e-01 9.229000000000000536e-01
1.700000000000000122e-01 2.999999999999999889e-01 9.300000000000000488e-01
1.700000000000000122e-01 4.000000000000000222e-01 9.347000000000000863e-01
1.700000000000000122e-01 5.000000000000000000e-01 9.385000000000001119e-01
1.700000000000000122e-01 6.999999999999999556e-01 9.451000000000000512e-01
1.700000000000000122e-01 8.000000000000000444e-01 9.485000000000000098e-01
1.700000000000000122e-01 9.000000000000000222e-01 9.519999999999999574e-01
1.700000000000000122e-01 1.500000000000000000e+00 9.697000000000000064e-01
1.700000000000000122e-01 2.500000000000000000e+00 9.949000000000001176e-01
1.799999999999999933e-01 1.000000000000000021e-02 9.213999999999999968e-01
1.799999999999999933e-01 1.000000000000000056e-01 9.281000000000000361e-01
1.799999999999999933e-01 2.000000000000000111e-01 9.360000000000000542e-01
1.799999999999999933e-01 2.999999999999999889e-01 9.433000000000000274e-01
1.799999999999999933e-01 4.000000000000000222e-01 9.481000000000000538e-01
1.799999999999999933e-01 5.000000000000000000e-01 9.520999999999999464e-01
1.799999999999999933e-01 6.999999999999999556e-01 9.588000000000000966e-01
1.799999999999999933e-01 8.000000000000000444e-01 9.622999999999999332e-01
1.799999999999999933e-01 9.000000000000000222e-01 9.658999999999999808e-01
2.000000000000000111e-01 1.000000000000000056e-01 9.528000000000000913e-01
2.000000000000000111e-01 5.000000000000000000e-01 9.779999999999999805e-01
2.000000000000000111e-01 1.000000000000000000e+00 9.960999999999999854e-01
